00->10: 3628, 3655, 3741, 3743, 3802, 3804, 3839, 3850, 3867, 3874, 3960, 3992, 3998, 4069, 4078, 4111, 4169, 4233, 4357, 4366, 4430
01->11: 3997, 4067, 4299
10->00: 3633, 3671, 3676, 3701, 3705, 3740, 3772, 3780, 3783, 3800, 3828, 3843, 3849, 3853, 3956, 4005, 4019, 4086, 4098, 4103, 4108, 4204, 4353, 4360, 4414, 4431
11->01: 3582, 3593, 3594, 3611, 3627, 3632, 3653, 3656, 3673, 3675, 3688, 3730, 3749, 3753, 3757, 3759, 3776, 3784, 3793, 3795, 3827, 3834, 3866, 3891, 3902, 3907, 3915, 3918, 3922, 3927, 3944, 3954, 3967, 3968, 3970, 3978, 3985, 3990, 4001, 4004, 4035, 4038, 4055, 4119, 4121, 4123, 4124, 4135, 4161, 4162, 4176, 4177, 4202, 4203, 4214, 4260, 4265, 4270, 4276, 4286, 4297, 4327, 4356, 4364, 4367, 4376, 4384, 4385, 4386, 4390, 4399, 4404, 4413, 4424
00->01: 3589, 3617, 3620, 3649, 3658, 3693, 3726, 3727, 3750, 3785, 3824, 3825, 3845, 3883, 3926, 3942, 3945, 3971, 3975, 4039, 4077, 4082, 4101, 4170, 4187, 4193, 4195, 4196, 4197, 4201, 4281, 4282, 4318, 4338, 4343, 4354, 4363, 4365, 4380
01->00: 3644, 4149, 4172, 4232, 4368
10->11: 3708, 3720, 3735, 3790, 3812, 3817, 3974, 4027, 4076, 4249, 4288, 4296, 4316, 4317
11->10: 3685, 3930, 4212
00->11: 3600, 3683, 3821, 3980, 4110, 4228, 4425
01->10: 3928, 4014, 4453
10->01: 3700, 3764, 3775, 3807, 3862, 3863, 3865, 3895, 3901, 3925, 3984, 4059, 4081, 4100, 4105, 4131, 4277, 4284, 4290, 4350, 4460
11->00: 3612, 3728
